0.0 0.0
16.490279218500653 16.543
28.548839420304276 27.863
37.155679853344445 36.79
43.08384783641596 42.74
46.94287900308443 46.166
49.213041039802675 48.159
50.27235619393465 48.901
50.41794637472786 49.39
49.88290912782219 48.463
48.84967143408887 47.346
47.46056446226277 46.29
45.8262032128275 44.542
44.032130483295205 44.401
42.14408707231982 42.205
40.212193666721184 40.09
38.27426980296258 38.42
36.35846807598537 36.109
34.485364593839954 34.613
32.66961737352421 32.439
30.921281247284863 31.331
29.24684957590739 31.27
27.650078611215747 28.637
26.132638903602917 26.642
24.694629076364134 26.056
23.334980087885558 24.713
22.051772383039875 22.918
20.842483787642195 21.812
19.70418238113109 21.969
18.63367570069975 21.223
17.62762533317434 18.676
16.68263411899752 18.095
15.795311730685633 17.332
14.962323220740977 17.097
14.180424201422186 15.088
13.446485573499078 15.042
12.757510125366354 14.618
12.110642847586963 13.391
11.503176427119481 12.92
10.932553081040984 12.635
10.396363646254395 12.552
9.89234464727858 11.731
9.418373909017683 10.713
8.972465157597973 10.369
8.552761953704158 9.988
8.157531224343295 9.195
7.785156596605348 9.965
7.434131687561749 8.437
7.103053465368474 8.874
6.790615765849702 7.905
6.495603024670938 7.951
6.216884266333729 7.763
5.95340737656748 7.916
5.704193673397925 6.526
5.468332783547522 6.517
5.244977824316885 6.976
5.03334088626504 6.314
4.832688808494358 6.594
4.642339235868983 6.816
4.4616569458262125 6.451
4.290050431396812 5.188
4.126968726488066 5.402
3.9718984592875484 6.081
3.8243611197247502 5.193
3.6839105272097687 4.531
3.550130485296563 5.355
3.4226326104481104 5.704
3.3010543226777327 4.965
3.1850569864778855 4.641
3.074324191104365 4.203
2.9685601599445643 3.982
