0.0 0.0
40.963301817396044 43.155
80.24861153900909 84.602
117.9246652615057 118.497
154.05738342407938 154.783
188.70998614707656 189.575
221.94310384597327 219.013
253.81488331423708 255.906
284.38108946068485 284.606
313.69520287934296 309.717
341.8085134225233 345.555
368.770209940837 371.702
394.62746634716206 395.441
419.425524155145 418.308
443.20777163665423 447.251
466.0158197366826 464.91
487.8895748785237 488.973
508.8673087866098 512.659
528.9857254491737 525.457
548.2800253379012 551.293
566.7839669969312 561.949
584.5299261089709 581.004
601.548952141865 598.234
617.8708226747355 619.687
633.5240954987436 633.802
648.5361585836317 657.351
662.9332779974719 660.914
676.7406438634617 680.699
689.98241443418 688.939
702.681758360413 698.004
714.860895228513 717.21
