0.0 0.0 0.0 0.0 0.0
3.591504517561432 3.5995 3.6078 0.09138605342016423 0.09167753051026459
6.490349763851472 6.492 6.4843 0.16534747934206656 0.15814045594474416
8.796725686508827 8.7828 8.778 0.22300070983673756 0.20594663227457685
10.59794044583567 10.6538 10.4602 0.27010010753700214 0.2250967732891704
11.969973157072078 11.9425 11.8873 0.3036079455160048 0.2419476389135984
12.978846955101849 12.9557 12.9459 0.3305641356199566 0.28687820668090636
13.681842595665566 13.6534 13.5571 0.34949749397773716 0.29019597634747507
14.128570579444533 14.0997 14.0846 0.35808305228329845 0.2998437574924476
14.361917799338283 14.372 14.2536 0.36509442062656877 0.30553863787488195
14.4188829409947 14.3969 14.3387 0.3668818321709067 0.3070325146385819
14.331313289018418 14.2809 14.2481 0.3535569745480709 0.30539716801071237
14.12655418559055 14.1564 14.058 0.34069478858564467 0.30170167407611836
13.828021135990474 13.794 13.741 0.32773813428477716 0.2918649952401142
13.455703440195181 13.4434 13.3902 0.3159167199488491 0.28487452046035805
13.026607236579792 13.0015 12.9706 0.3058222099407687 0.2809782978706363
12.555144959565505 12.4848 12.5161 0.2933976142505357 0.2706994147558285
12.053477426075773 12.0566 12.0493 0.28134141662803525 0.2635756190354397
11.531814065346211 11.4803 11.5205 0.2707275567428025 0.2532772871184811
10.998676183590472 10.9861 10.9831 0.2596797542970031 0.24492717689496038
10.461127600863255 10.4758 10.4708 0.24779184101255292 0.2309726300293621
9.92497650469093 9.8816 9.9587 0.23469586150358487 0.22181154176880785
9.394951926973766 9.4319 9.4238 0.22148678211117612 0.2122434751949228
8.874857861332986 8.9377 8.9549 0.21010035934086163 0.20115285191795185
8.367707692155314 8.3563 8.3802 0.19746998755764325 0.1907455228486007
7.875841299325424 7.9334 8.0084 0.18812741061059776 0.18164496156060148
7.401026929793839 7.4386 7.507 0.17583780636874885 0.17190860403283403
6.944549684923198 7.0311 7.0909 0.1665544112386004 0.16227937811159054
6.507288257617883 6.5962 6.6128 0.15801339035446 0.15424334886998864
6.089781362564028 6.1604 6.2462 0.14811838596575394 0.14328891660769758
5.692285133809064 5.7666 5.7685 0.13831714835376682 0.13599178531545228
5.314822614003066 5.4063 5.4244 0.13134285307956245 0.12830425263849468
4.957226326779697 5.038 5.0665 0.12036048477059606 0.1180635518047188
4.619174806075651 4.7379 4.7413 0.11481832150494065 0.11233696676950482
4.3002238519846205 4.4463 4.4423 0.10743942383780915 0.10650386144861919
3.9998331905103677 4.1165 4.1938 0.10005873779887617 0.09973397590747894
3.7173891329834667 3.8533 3.9018 0.0947119701147951 0.09378607387930482
3.452223758744999 3.6076 3.5828 0.08606546725337823 0.08714505916763464
3.203631080916428 3.2644 3.3418 0.0802326509437727 0.08008499940141267
2.9708805987233275 3.1053 3.1404 0.07554624686981008 0.07525845925706828
2.753228590081317 2.9193 2.9317 0.07021314060236432 0.0710675438807117
2.5499274542380816 2.7044 2.7134 0.06688163740490845 0.0659074678994145
2.3602333755312026 2.4843 2.526 0.06132650060906456 0.06160052965614355
2.1834125451769273 2.2844 2.3352 0.05636991182594357 0.057098540546691126
2.0187461479250315 2.1537 2.2047 0.05211298620703461 0.053484275218705586
1.8655342939331818 1.9747 2.0144 0.048183391175703416 0.048579626344262654
1.7230990529164043 1.8184 1.8482 0.045088396277504564 0.045701884628220064
1.5907867271456326 1.7223 1.7414 0.042057543157368024 0.04288016012009007
1.4679694818773423 1.6 1.6168 0.03898813925877363 0.039799642618717344
1.354046436004284 1.4816 1.4996 0.03641681022394936 0.03693361644164897
1.2484443018683045 1.3386 1.3786 0.03318321310430035 0.03380295723566219
1.1506176510423323 1.2567 1.3174 0.031242946317103622 0.0322896379525593
1.0600488722678185 1.1739 1.2056 0.029112816168267913 0.0298678747604141
0.9762478784472168 1.086 1.1057 0.027596845730884115 0.02765903241531076
0.8987516114800036 0.9932 1.0226 0.02457616112371 0.025171583563942976
0.8271233866548425 0.9293 0.9374 0.022954822467678326 0.023198195053152973
0.7609521121456002 0.8621 0.8847 0.021705544412004577 0.021575295114849822
0.6998514137951029 0.796 0.819 0.019728327942697237 0.02032039780694122
0.6434586907106272 0.7265 0.7535 0.017940996988825644 0.01855323576194716
0.5914341231532634 0.6899 0.6985 0.01736415666390314 0.017688570616106153
0.5434596507035937 0.6255 0.6573 0.015620529953686568 0.01638075041762111
0.499237935661641 0.5749 0.595 0.014842963007290825 0.014473933554751005
0.45849132403063697 0.5382 0.5607 0.01297128501796563 0.013808012971285017
0.42096081418972264 0.4883 0.5042 0.01243002486004972 0.012802025604051208
0.3864050414342833 0.4528 0.4678 0.011366673981128688 0.01198308364419797
0.3545992849137773 0.4236 0.439 0.010881484268071107 0.01128568798674532
0.3253345020900126 0.3761 0.3967 0.009771394900578254 0.009877258336745598
0.29841639464254266 0.3624 0.3717 0.009127983687177642 0.009501819199552198
0.27366450873464576 0.3337 0.3422 0.008427151886949227 0.008539273651185187
0.2509113716990388 0.3063 0.3203 0.007907739702734602 0.0077216987737302204
0.23000166648583834 0.279 0.3005 0.00711831271401414 0.0074741284014880295
0.2107914446177008 0.2709 0.2702 0.00693124516581625 0.006779349366334694
0.19314737790226644 0.2454 0.258 0.00609835448537376 0.006532807185086861
0.17694604874571906 0.2279 0.2351 0.005893811497927177 0.0055601618300784176
0.16207327858100276 0.2062 0.2139 0.00500842407725339 0.005320575158376654
0.14842349365910937 0.1905 0.1984 0.005008270354483813 0.0050943781614581456
0.13589912724238312 0.177 0.183 0.004228182300242807 0.004423543858669867
0.12441005707670637 0.1619 0.1758 0.003897918511514851 0.004349677272336572
0.11387307689754365 0.1491 0.1572 0.003986137610840052 0.004112268534739059
0.10421140063688651 0.1437 0.1462 0.0035447373053595146 0.003644758109686815
0.0953541979387428 0.1295 0.1335 0.0031916251755393847 0.0033831226860717477
0.0872361595552653 0.1169 0.119 0.002994119908994777 0.0030341750248341717
0.07979709117986969 0.1115 0.1107 0.002725416305342535 0.002831315912514936
0.07298153427426114 0.1105 0.1091 0.002434628134058587 0.002720701941100804
0.06673841246017222 0.0892 0.0971 0.002250630176449406 0.0024266794702516707
0.06102070207123992 0.0851 0.0904 0.0022234419440147696 0.0022513846614440397
0.05578512549361523 0.0792 0.0855 0.0020696522984138665 0.0020616536421881122
0.050991865963728344 0.0769 0.0743 0.0018063785499525477 0.0019997766949253924
0.046604302536534234 0.0711 0.0735 0.0017156710636159619 0.0017316866628095766
0.04258876398618547 0.067 0.0678 0.0016624987215404885 0.0017687863358247418
0.03891430045229077 0.0542 0.064 0.0013740384730772462 0.0016240454732732517
0.03555247169776299 0.0568 0.06 0.0013576454663051618 0.0014837983636167035
0.03247715089795119 0.0529 0.0524 0.001224068547838679 0.0014400806445160929
0.02966434293463214 0.0429 0.0469 0.0011642724397509018 0.0011782757165176652
0.02709201622197068 0.0439 0.0481 9.443455066723101E-4 0.0010581461279837725
0.02473994714431339 0.0381 0.0377 9.282641460468923E-4 0.0010959505724295567
0.022589576237306463 0.0351 0.038 9.405756322869596E-4 9.625891045319736E-4
0.02062387529405516 0.0343 0.0348 8.604198849038331E-4 8.584189084273125E-4
0.018827224626657812 0.0314 0.0339 7.84703093972199E-4 7.947120620075587E-4
0.017185299760296018 0.029 0.0277 7.317980237454462E-4 7.697875386393356E-4
0.015684966882033077 0.0278 0.0302 6.572882850386758E-4 6.713157789266963E-4
0.014314186409491418 0.0249 0.0283 6.996935342320063E-4 6.397198027264058E-4
0.013061924085605053 0.0212 0.026 5.883200461050812E-4 5.543015400377805E-4
0.011918069044659325 0.0206 0.0224 4.7215108834827143E-4 5.841869398207426E-4
0.01087335833184348 0.0175 0.02 4.7685452330576393E-4 5.309514650253254E-4
0.009919307393575232 0.0179 0.0182 4.7869410645435883E-4 5.227579990986931E-4
0.009048146088948331 0.0175 0.0177 4.202109458948392E-4 4.1620893688631695E-4
0.008252759803852604 0.014 0.0178 3.7018805553221037E-4 3.80193138114162E-4
0.0075266352786788355 0.0148 0.0173 3.217284611787651E-4 3.576981028012358E-4
0.006863810788111704 0.0116 0.015 3.2163269546178264E-4 3.3561672569925146E-4
0.006258830337401894 0.0124 0.0125 2.701166904102572E-4 3.2013829974549007E-4
0.00570670156376492 0.0115 0.0113 2.0979985094220113E-4 2.417693520381556E-4
0.0052028570542535044 0.0124 0.0113 2.741710827556395E-4 2.681673364179248E-4
0.0047431188126668316 0.0086 0.0129 2.3007316326591857E-4 2.6408397870522827E-4
0.0043236656278689695 0.0086 0.0091 2.062784759425224E-4 2.4633254894107043E-4
0.003941003114364073 0.0084 0.0086 1.5419490235657872E-4 1.60202495954887E-4
0.003591936213190824 0.009 0.0075 1.4593812223617187E-4 1.9991523593996147E-4
0.0032735439572242186 0.007 0.0078 2.2603119230453803E-4 2.2403091626644478E-4
0.0029831563198784235 0.0056 0.0059 1.7581328628996006E-4 1.9579206882291007E-4
0.0027183329800571842 0.007 0.0052 1.5805595180693965E-4 1.600566600576604E-4
0.002476843849062419 0.0069 0.0049 1.4624891565444387E-4 1.5025573526141492E-4
0.0022566512171092014 0.0054 0.0056 1.3813011857169454E-4 1.2411691813688495E-4
0.0020558933881652717 0.0053 0.0063 1.1230839886327856E-4 1.0428637037304438E-4
0.0018728696820919173 0.004 0.0045 1.456777607931256E-4 1.1374838856449534E-4
0.001706026692564045 0.0045 0.0048 1.0791215950216524E-4 1.3189263939153529E-4
0.00155394569804121 0.0037 0.0036 1.1801250932598855E-4 1.0601123719114225E-4
0.0014153311311963907 0.0041 0.0029 8.426729586247578E-5 1.1436275867050283E-4
0.0012890000197305735 0.003 0.0036 6.20148835720573E-5 1.320316876050252E-4
0.0011738723184516022 0.003 0.0022 8.80191881830239E-5 7.001526332740537E-5
0.0010689620589152888 0.0021 0.0024 8.599793604953481E-5 7.799812804492692E-5
9.733692488533177E-4 0.0018 0.0021 7.205072370949148E-5 6.604649673370053E-5
8.862724590813425E-4 0.0018 0.0027 5.598174994951646E-5 5.1983053524550996E-5
8.069220406250416E-4 0.002 0.0023 5.396470708156866E-5 5.196601422669574E-5
7.346339194527902E-4 0.0021 0.0016 6.187204860348798E-5 3.991745071192773E-5
6.687839204899842E-4 0.0022 0.0021 2.398551275029882E-5 4.39734400422145E-5
6.088025765389909E-4 0.0015 0.0012 4.00238542171134E-5 5.403220319310309E-5
5.541703813653974E-4 0.0012 0.0019 4.601463265318371E-5 3.801208784393437E-5
5.044134495592026E-4 0.0013 0.0016 4.5923216382208945E-5 5.390986270954963E-5
4.590995488606989E-4 0.0014 0.0014 3.795233187116981E-5 2.1972402662256205E-5
4.1783447347537177E-4 0.0015 0.0013 2.8076536638877582E-5 2.406560283332364E-5
3.8025872950908293E-4 4.0E-4 0.0017 4.996971835067949E-5 3.597819721248923E-5
3.4604450605165663E-4 9.0E-4 0.0011 2.3972048591342494E-5 3.995341431890416E-5
3.148929076400278E-4 8.0E-4 7.0E-4 3.205012639768598E-5 3.6056392197396726E-5
2.8653142585642496E-4 3.0E-4 9.0E-4 1.5974600385387236E-5 1.9968250481734044E-5
2.607116296766371E-4 8.0E-4 9.0E-4 2.5930971753193E-5 2.9920352022915E-5
2.372070558911994E-4 0.001 0.0014 3.0005761106132378E-5 1.8003456663679426E-5
2.158112824903074E-4 9.0E-4 8.0E-4 1.0006023626222986E-5 2.201325197769057E-5
1.9633616934252E-4 5.0E-4 8.0E-4 1.598759362734518E-5 1.7986042830763327E-5
1.7861025181808225E-4 6.0E-4 9.0E-4 1.1998704139952886E-5 3.999568046650962E-6
1.6247727421945618E-4 9.0E-4 3.0E-4 4.201697485784257E-5 3.8015358204714704E-5
1.477948509931361E-4 6.0E-4 5.0E-4 3.991227282433212E-6 7.982454564866424E-6
1.3443324471611114E-4 4.0E-4 3.0E-4 1.801451970288052E-5 1.2009679801920347E-5
1.2227425078487297E-4 0.001 5.0E-4 1.5975621202045677E-5 1.5975621202045677E-5
1.1121017959151249E-4 4.0E-4 5.0E-4 9.976953238020174E-6 9.976953238020174E-6
1.0114292775654332E-4 5.0E-4 5.0E-4 1.0007986373125755E-5 1.4011180922376056E-5
9.198313070746051E-5 4.0E-4 4.0E-4 0.0 1.200225642420775E-5
8.364938955106938E-5 2.0E-4 2.0E-4 1.197566544781005E-5 1.995944241301675E-5
7.60675657912467E-5 4.0E-4 4.0E-4 1.398215876541533E-5 9.98725626101095E-6
6.917013799658497E-5 3.0E-4 3.0E-4 3.995149888035924E-6 3.995149888035924E-6
6.28956150285074E-5 0.0 4.0E-4 3.994080772295458E-6 3.994080772295458E-6
5.7188000903787396E-5 5.0E-4 4.0E-4 8.004546582458837E-6 8.004546582458837E-6
5.1996306789505836E-5 3.0E-4 2.0E-4 6.007004166858557E-6 1.6018677778289485E-5
4.727410601659315E-5 2.0E-4 4.0E-4 3.992940481229187E-6 7.985880962458374E-6
4.2979128353228175E-5 2.0E-4 3.0E-4 4.008481947801548E-6 8.016963895603096E-6
3.907289010425535E-5 3.0E-4 2.0E-4 1.9991883295382075E-6 1.1995129977229246E-5
3.552035689996376E-5 4.0E-4 7.0E-4 7.998864161289097E-6 1.9997160403222743E-6
3.2289636309370526E-5 3.0E-4 4.0E-4 1.99388674324521E-6 3.98777348649042E-6
2.9351697661697016E-5 3.0E-4 0.0 3.997769244761423E-6 3.997769244761423E-6
2.6680116686977482E-5 2.0E-4 1.0E-4 5.9952996850469235E-6 0.0
2.425084279449204E-5 2.0E-4 4.0E-4 3.998504559294823E-6 3.998504559294823E-6
2.2041986997615952E-5 5.0E-4 3.0E-4 2.0002360278512866E-6 2.0002360278512866E-6
2.0033628667236666E-5 0.0 1.0E-4 0.0 0.0
1.8207639454494557E-5 0.0 1.0E-4 0.0 2.002246520596109E-6
1.6547522868522973E-5 1.0E-4 0.0 3.9988483316804764E-6 5.998272497520714E-6
1.5038268127262569E-5 0.0 4.0E-4 4.004910019684133E-6 8.009820039368266E-6
1.3666217020371078E-5 1.0E-4 1.0E-4 2.0008283429339746E-6 0.0
1.2418942633720236E-5 0.0 0.0 1.994503149320473E-6 0.0
1.1285138885862585E-5 1.0E-4 2.0E-4 0.0 2.0010805835150983E-6
1.0254519918981893E-5 0.0 2.0E-4 3.996075853511851E-6 0.0
9.317728470964194E-6 0.0 0.0 4.002417460145928E-6 0.0
8.466252432028673E-6 2.0E-4 0.0 0.0 1.999568093291849E-6
7.692348859469285E-6 2.0E-4 0.0 7.999600019999E-6 1.99990000499975E-6
6.988974788054716E-6 1.0E-4 0.0 2.001116623075676E-6 0.0
6.349724232043828E-6 0.0 0.0 7.985833132023789E-6 0.0
5.768770828078292E-6 0.0 0.0 0.0 1.997766497056291E-6
5.240815616855225E-6 1.0E-4 2.0E-4 6.001200240048009E-6 0.0
4.761039505864012E-6 1.0E-4 1.0E-4 0.0 0.0
4.325059995962357E-6 0.0 0.0 0.0 0.0
3.9288917915045565E-6 0.0 0.0 0.0 0.0
3.5689109474287976E-6 0.0 0.0 0.0 0.0
3.2418222374420293E-6 0.0 0.0 0.0 0.0
2.9446294554687586E-6 0.0 1.0E-4 0.0 0.0
2.6746083880895E-6 1.0E-4 0.0 1.9990804230054175E-6 0.0
2.429282219001165E-6 1.0E-4 0.0 0.0 0.0
2.2063991477821156E-6 0.0 0.0 0.0 0.0
2.003912024618822E-6 0.0 0.0 0.0 0.0
1.819959820313211E-6 0.0 0.0 0.0 0.0
1.652850766990033E-6 0.0 0.0 0.0 0.0
1.5010470195987635E-6 0.0 0.0 0.0 2.0049803712421654E-6
1.3631507016799126E-6 0.0 0.0 0.0 1.998377317618094E-6
1.2378912110553464E-6 0.0 0.0 0.0 0.0
